TrainedRight,TrainedWrong,UntrainedRight,UntrainedWrong,RateTrainedRight,RateUntrainedRight,3-UTR
691,13414,173,3353,0.0489897199574619,0.0490640952921157,1
286,13819,68,3458,0.0202764976958525,0.0192853091321611,1
789,13316,175,3351,0.0559376107763205,0.049631310266591,1
255,13850,57,3469,0.0180786954980503,0.0161656267725468,1
314,13791,78,3448,0.0222616093583836,0.0221213840045377,1
2335,68190,551,17079,0.0331088266572138,0.0312535450935905,1
0,14105,0,146127,0,0,0
1,14104,6,146121,7.08968450903935e-05,4.10601736845347e-05,0
0,14105,2,146125,0,1.36867245615116e-05,0
0,14105,0,146127,0,0,0
1,14104,0,146127,7.08968450903935e-05,0,0
2,70523,8,730627,2.83587380361574e-05,1.09493796492092e-05,0
