TrainedRight,TrainedWrong,UntrainedRight,UntrainedWrong,RateTrainedRight,RateUntrainedRight,3-UTR
14043,62,3284,242,0.995604395604396,0.931366988088486,1
13861,244,3200,326,0.982701169797944,0.907543959160522,1
13961,144,3260,266,0.989790854306983,0.924560408394782,1
13887,218,3219,307,0.984544487770294,0.912932501418037,1
13879,226,3196,330,0.983977313009571,0.906409529211571,1
69631,894,16159,1471,0.987323644097838,0.91656267725468,1
13971,134,132940,13187,0.990499822757887,0.909756581603674,0
14102,3,139490,6637,0.999787309464729,0.954580604542624,0
14064,41,136688,9439,0.997093229351294,0.935405503431946,0
14090,15,138921,7206,0.998936547323644,0.950686731404874,0
14102,3,139665,6462,0.999787309464729,0.955778192941756,0
70329,196,687704,42931,0.997220843672457,0.941241522784975,0
