TrainedRight,TrainedWrong,UntrainedRight,UntrainedWrong,RateTrainedRight,RateUntrainedRight,DiseaseAssociated
13873,232,3202,324,0.983551931939029,0.908111174134997,1
13768,337,3164,362,0.976107763204537,0.897334089619966,1
13833,272,3174,352,0.980716058135413,0.900170164492343,1
13905,200,3262,264,0.985820630981921,0.925127623369257,1
13803,302,3236,290,0.978589152782701,0.917753828701078,1
14100,5,139000,7127,0.999645515774548,0.951227357025054,0
14103,2,139920,6207,0.999858206309819,0.957523250323349,0
14098,7,140018,6109,0.999503722084367,0.958193899826863,0
14093,12,136958,9169,0.999149237858915,0.93725321124775,0
14103,2,138241,7886,0.999858206309819,0.94603324505396,0
