positive,negative
186,58658
251,986
251,1103
251,1719
251,1893
251,4895
251,6500
251,8447
251,11411
251,13120
251,13674
251,14353
251,15177
251,15264
251,15973
251,19311
251,19420
251,20047
251,21405
251,21742
251,22758
251,25403
251,30535
251,31236
251,32488
251,32975
251,37895
251,38228
251,39131
251,40619
251,41630
251,42597
251,43246
251,45897
251,46330
251,48647
251,49686
251,54227
251,57107
251,62055
251,64307
251,65623
285,986
285,1103
285,1719
285,1893
285,4895
285,6500
285,8447
285,11411
285,13120
285,13674
285,14353
285,15177
285,15264
285,15973
285,19311
285,19420
285,20047
285,21405
285,21742
285,22758
285,25403
285,30535
285,31236
285,32488
285,32975
285,37895
285,38228
285,39131
285,40619
285,41630
285,42597
285,43246
285,45897
285,46330
285,48647
285,49686
285,54227
285,57107
285,62055
285,64307
285,65623
362,62147
362,69292
362,70600
485,16519
491,54871
540,57787
544,8561
544,39349
544,50335
555,60883
562,46992
793,22553
793,37585
793,52995
793,65172
799,825
799,1919
799,2375
799,3871
799,4964
799,6240
799,6828
799,7292
799,10604
799,13053
799,13522
799,14289
799,18336
799,18437
799,19499
799,19852
799,19990
799,20368
799,21485
799,21663
799,22153
799,22664
799,25050
799,25775
799,26103
799,26170
799,27351
799,28350
799,32235
799,33736
799,37887
799,39906
799,40554
799,41312
799,41355
799,41698
799,44895
799,44947
799,45704
799,45801
799,49710
799,51600
799,54283
799,58448
799,59374
799,60702
799,61578
799,61735
799,62150
799,62995
799,63127
799,63130
799,63226
799,63237
799,65796
799,66804
799,67758
799,68394
799,68847
799,70402
862,3406
862,25324
862,50703
862,58232
879,40727
1273,36397
1273,39716
1273,48864
1273,60449
1273,65860
1315,2678
1315,7728
1315,13661
1315,17840
1315,18249
1315,19584
1315,23780
1315,25991
1315,26726
1315,32055
1315,41495
1315,42005
1315,45046
1315,45281
1315,47343
1315,47654
1315,48958
1315,50400
1315,50575
1315,60536
1315,68684
1337,8378
1337,27678
1337,31688
1337,41734
1337,46753
1337,47908
1337,50693
1337,51456
1337,52206
1337,55194
1337,60525
1337,68745
1337,68748
1337,69342
1337,69355
1337,70122
1337,70132
1345,25379
1345,26652
1345,67805
1494,28096
1558,825
1558,1919
1558,2375
1558,3871
1558,4964
1558,6240
1558,6828
1558,7292
1558,10604
1558,13053
1558,13522
1558,14289
1558,18336
1558,18437
1558,19499
1558,19852
1558,19990
1558,20368
1558,21485
1558,21663
1558,22153
1558,22664
1558,25050
1558,25775
1558,26103
1558,26170
1558,27351
1558,28350
1558,32235
1558,33736
1558,37887
1558,39906
1558,40554
1558,41312
1558,41355
1558,41698
1558,44895
1558,44947
1558,45704
1558,45801
1558,49710
1558,51600
1558,54283
1558,58448
1558,59374
1558,60702
1558,61578
1558,61735
1558,62150
1558,62995
1558,63127
1558,63130
1558,63226
1558,63237
1558,65796
1558,66804
1558,67758
1558,68394
1558,68847
1558,70402
1559,57787
1614,13601
1614,17671
1614,25750
1614,40769
1614,43130
1614,46597
1614,70199
1614,70294
1651,13601
1651,17671
1651,25750
1651,40769
1651,43130
1651,46597
1651,70199
1651,70294
1731,36397
1731,39716
1731,48864
1731,60449
1731,65860
1767,54871
1830,11731
1830,35078
1830,60166
1883,59107
2113,27693
2113,29434
2113,46245
2113,46609
2113,68581
2249,70214
2380,9351
2380,14390
2380,19441
2380,19660
2380,32312
2380,52976
2409,62147
2409,69292
2409,70600
2537,986
2537,1103
2537,1719
2537,1893
2537,4895
2537,6500
2537,8447
2537,11411
2537,13120
2537,13674
2537,14353
2537,15177
2537,15264
2537,15973
2537,19311
2537,19420
2537,20047
2537,21405
2537,21742
2537,22758
2537,25403
2537,30535
2537,31236
2537,32488
2537,32975
2537,37895
2537,38228
2537,39131
2537,40619
2537,41630
2537,42597
2537,43246
2537,45897
2537,46330
2537,48647
2537,49686
2537,54227
2537,57107
2537,62055
2537,64307
2537,65623
2635,25321
2635,34377
2654,1792
2654,2313
2654,4832
2654,5259
2654,6121
2654,10856
2654,11587
2654,17855
2654,18528
2654,25232
2654,26740
2654,31719
2654,31780
2654,31828
2654,31931
2654,32175
2654,32463
2654,32600
2654,32608
2654,45149
2654,48251
2654,54268
2654,63533
2654,65105
2654,66722
2654,67685
2654,68004
2654,68256
2654,69975
2654,70419
2654,70448
2654,70608
2772,825
2772,1919
2772,2375
2772,3871
2772,4964
2772,6240
2772,6828
2772,7292
2772,10604
2772,13053
2772,13522
2772,14289
2772,18336
2772,18437
2772,19499
2772,19852
2772,19990
2772,20368
2772,21485
2772,21663
2772,22153
2772,22664
2772,25050
2772,25775
2772,26103
2772,26170
2772,27351
2772,28350
2772,32235
2772,33736
2772,37887
2772,39906
2772,40554
2772,41312
2772,41355
2772,41698
2772,44895
2772,44947
2772,45704
2772,45801
2772,49710
2772,51600
2772,54283
2772,58448
2772,59374
2772,60702
2772,61578
2772,61735
2772,62150
2772,62995
2772,63127
2772,63130
2772,63226
2772,63237
2772,65796
2772,66804
2772,67758
2772,68394
2772,68847
2772,70402
2793,15968
2793,17377
2805,13180
2805,20415
2805,20745
2805,23725
2805,29131
2805,30584
2805,32207
2805,39586
2805,40380
2805,43330
2805,51654
2805,52174
2805,55028
2805,64765
2805,68665
2805,70223
2805,70508
2859,59107
2888,27111
3273,26689
3273,43703
3273,47808
3273,49258
3273,50300
3273,50666
3273,62311
3416,11731
3416,35078
3416,60166
3548,5967
3548,32381
3548,52678
3548,65129
3548,65983
3548,66061
3548,66400
3548,66963
3548,67367
3563,15497
3563,59275
3563,60517
