TrainedRight,TrainedWrong,UntrainedRight,UntrainedWrong,RateTrainedRight,RateUntrainedRight,DiseaseAssociated
2779,147,680,51,0.949760765550239,0.930232558139535,1
2762,164,697,34,0.943950786056049,0.953488372093023,1
2815,111,697,34,0.962064251537936,0.953488372093023,1
2777,149,691,40,0.949077238550923,0.945280437756498,1
2762,164,687,44,0.943950786056049,0.939808481532148,1
2293,633,37689,30018,0.783663704716336,0.55664850015508,0
2478,448,37339,30368,0.84688995215311,0.551479167589762,0
2220,706,29319,38388,0.758714969241285,0.433027604235899,0
2232,694,37871,29836,0.762816131237184,0.559336553089045,0
1922,1004,34994,32713,0.656869446343131,0.51684463940213,0
