TrainedRight,TrainedWrong,UntrainedRight,UntrainedWrong,RateTrainedRight,RateUntrainedRight,DiseaseAssociated
2695,231,658,73,0.921052631578947,0.900136798905609,1
2752,174,676,55,0.940533151059467,0.924760601915185,1
2725,201,671,60,0.931305536568694,0.917920656634747,1
2757,169,674,57,0.942241968557758,0.92202462380301,1
2732,194,670,61,0.933697881066302,0.916552667578659,1
2502,424,37557,30150,0.855092276144908,0.554698923301874,0
2408,518,30454,37253,0.822966507177033,0.449791011269145,0
2540,386,36202,31505,0.868079289131921,0.534686221513285,0
2366,560,32744,34963,0.808612440191388,0.483613215767941,0
2314,612,34757,32950,0.790840738209159,0.513344262779329,0
